Run semi-empirical minimization
 &qmmm
    qm_theory='AM1', grms_tol=0.0005,
 scfconv=1.d-10, ndiis_attempts=700,   qmcharge=0,
 /
   7     N       10.9020        4.9240       18.5950 
   7    N1       14.6820        2.1280       12.1470 
   7    N2       11.4640        3.2790        8.4370 
   7    N3        8.0610        6.9410       14.0410 
   7    N4       13.3670        4.8900       22.7720 
   7    N5       16.7520        0.8820       16.6240 
   7    N6       19.4820       -0.1770       20.9380 
   7    N7       15.6180        5.2260       27.3620 
   6     C       15.3460        2.7560       13.1770 
   6    C1        5.4330       -0.1790       10.4620 
   6    C2       11.2030        8.1920       16.9910 
   6    C3       11.6900        7.0470       17.6270 
   6    C4       11.4730        1.8440        8.2600 
   6    C5       13.9940        4.8480       12.9270 
   6    C6       13.8640        6.2330       13.0490 
   6    C7       10.1500        1.2280        8.6310 
   6    C8       14.3930        0.7140       12.1830 
   6    C9       15.2140        4.2310       13.2240 
   6   C10       11.9660        8.8590       16.0220 
   6   C11       15.5080        9.2690       12.6540 
   6   C12        9.7230        1.2440        9.9620 
   6   C13       10.8940        6.3700       18.7160 
   6   C14       15.4660       10.6590       12.6830 
   6   C15       12.9700        6.6100       17.2880 
   6   C16       13.7350        7.2940       16.3330 
   6   C17       13.2500        8.4190       15.6560 
   6   C18       14.0570       10.5450       14.6330 
   6   C19       14.0530        9.1310       14.6210 
   6   C20       16.1650        6.3830       13.7650 
   6   C21       14.7460       11.2990       13.6800 
   6   C22       14.8190        8.4840       13.6080 
   6   C23       14.9440        7.0210       13.4710 
   6   C24        8.2880        6.2470       15.2040 
   6   C25       10.8900       -0.7310       12.6430 
   6   C26       12.1570       -0.4620       12.1080 
   6   C27       13.0090        0.4510       12.7310 
   6   C28       12.5620        1.0780       13.8990 
   6   C29       11.2880        0.8240       14.4110 
   6   C30       10.4260       -0.0990       13.8140 
   6   C31        6.9540       -0.0790       15.4690 
   6   C32        6.6930       -1.4460       15.5290 
   6   C33        7.6380       -2.3370       15.0560 
   6   C34        8.8260       -1.8520       14.5110 
   6   C35        9.1180       -0.4660       14.4160 
   6   C36        8.1610        0.4480       14.9380 
   6   C37        8.0770        2.6140       16.1930 
   6   C38        8.3050        1.9250       14.9850 
   6   C39        8.5950        2.6960       13.8500 
   6   C40        8.6110        4.0980       13.9030 
   6   C41        8.3210        4.7610       15.0990 
   6   C42        8.0800        4.0110       16.2510 
   6   C43       16.2970        4.9970       13.6570 
   6   C44       13.5390        6.0980        9.4550 
   6   C45       12.3450        5.4130        9.2100 
   6   C46       11.1800        6.1390        8.9440 
   6   C47       11.2190        7.5400        8.9050 
   6   C48       12.4100        8.2420        9.1520 
   6   C49       13.5690        7.4950        9.4270 
   6   C50       12.4590        9.7210        9.1400 
   6   C51       11.6770       10.5370       10.0050 
   6   C52       11.8240       11.9390        9.9280 
   6   C53       12.7060       12.5340        9.0260 
   6   C54       13.4600       11.7390        8.1740 
   6   C55       13.3370       10.3510        8.2310 
   6   C56       10.7390        9.9880       11.0060 
   6   C57       11.1890        9.1310       12.0160 
   6   C58       10.3050        8.5890       12.9510 
   6   C59        8.9450        8.9200       12.9300 
   6   C60        8.4870        9.7930       11.9370 
   6   C61        9.3720       10.3130       10.9840 
   6   C62       12.3640        3.9230        9.2570 
   6   C63        8.0210        8.3840       13.9950 
   6   C64        5.3750        1.2730       10.7050 
   6   C65        5.4730        1.7790       12.0120 
   6   C66        4.3470       -0.9720       10.8850 
   6   C67        6.4950       -2.2030        9.6290 
   6   C68        9.3520        0.5810        7.6790 
   6   C69        5.2380        2.1790        9.6410 
   6   C70        5.3470        4.0430       11.1760 
   6   C71        5.4080       -2.9670       10.0540 
   6   C72        7.7470       -0.0740        9.3990 
   6   C73        8.1650       -0.0600        8.0600 
   6   C74        4.3340       -2.3520       10.6840 
   6   C75        5.4670        3.1550       12.2470 
   6   C76        8.5450        0.5920       10.3390 
   6   C77        6.5360       -0.8060        9.8240 
   6   C78        5.2230        3.5580        9.8710 
   6   C79       11.0610        2.0350       18.2350 
   6   C80       11.4280       -2.4540       18.4190 
   6   C81       13.6700       -1.3960       18.7680 
   6   C82       10.6380        1.8430       20.5980 
   6   C83        9.0490       -3.6070       19.4050 
   6   C84       13.0240       -1.9980       16.5340 
   6   C85       12.7140       -1.9420       17.9020 
   6   C86        9.9980       -4.4080       18.7850 
   6   C87       10.9240        2.6400       19.4820 
   6   C88       10.8870        0.6520       18.1110 
   6   C89       14.2520       -1.5270       16.0520 
   6   C90       11.1720       -3.8370       18.2970 
   6   C91        9.2770       -2.2370       19.5370 
   6   C92       11.1130        4.1040       19.6820 
   6   C93       10.4880        0.4570       20.4660 
   6   C94       10.6130       -0.1660       19.2160 
   6   C95       13.4850        6.3300       22.7070 
   6   C96       17.5300        1.3860       17.6410 
   6   C97       14.9770        8.1130       19.6730 
   6   C98       14.0700        7.7060       20.6620 
   6   C99       14.4380        6.7530       21.6170 
   6  C100       15.7370        6.2400       21.5720 
   6  C101       16.6440        6.6700       20.6000 
   6  C102       16.2810        7.5950       19.6180 
   6  C103       18.9100        7.7110       16.8370 
   6  C104       19.1000        9.0880       16.7230 
   6  C105       18.3790        9.9480       17.5360 
   6  C106       17.4690        9.4290       18.4560 
   6  C107       17.2510        8.0390       18.5910 
   6  C108       17.9980        7.1530       17.7640 
   6  C109       18.9880        4.8480       17.9710 
   6  C110       17.8670        5.6750       17.7830 
   6  C111       16.6300        5.0470       17.5740 
   6  C112       16.5070        3.6580       17.5150 
   6  C113       17.6380        2.8610       17.6830 
   6  C114       18.8770        3.4530       17.9350 
   6  C115       21.7230        2.6020       21.6380 
   6  C116       13.3630        1.9660       24.9710 
   6  C117       13.5790        2.6850       23.7910 
   6  C118       13.6910        1.9950       22.5810 
   6  C119       13.5410        0.6000       22.5500 
   6  C120       13.2800       -0.1310       23.7190 
   6  C121       13.2130        0.5770       24.9320 
   6  C122       13.0050       -1.5850       23.6960 
   6  C123       13.9160       -2.5750       23.2440 
   6  C124       13.5170       -3.9320       23.3080 
   6  C125       12.2620       -4.3160       23.7780 
   6  C126       11.3650       -3.3480       24.1980 
   6  C127       11.7340       -2.0040       24.1580 
   6  C128       15.2630       -2.2900       22.7020 
   6  C129       16.2330       -1.5910       23.4320 
   6  C130       17.5110       -1.3680       22.9020 
   6  C131       17.8530       -1.8370       21.6240 
   6  C132       16.8970       -2.5480       20.8960 
   6  C133       15.6260       -2.7720       21.4310 
   6  C134       13.7190        4.1650       23.8840 
   6  C135       20.5470        4.7430       21.6860 
   6  C136       20.5830        6.2230       21.7090 
   6  C137       20.7240        9.0430       21.5430 
   6  C138       21.7410        4.0010       21.6750 
   6  C139       19.9960        7.0200       22.7310 
   6  C140       20.0940        8.4270       22.6230 
   6  C141       19.2550        6.4640       23.8850 
   6  C142       19.7980        5.4850       24.7280 
   6  C143       19.0410        4.9220       25.7630 
   6  C144       21.2860        8.2660       20.5420 
   6  C145       16.9260        4.6370       27.0840 
   6  C146       14.8940       -0.9220       18.2900 
   6  C147       21.2220        6.8760       20.6300 
   6  C148       17.9500        6.9040       24.1630 
   6  C149       20.5050        1.9200       21.5890 
   6  C150       19.2260       -1.5910       21.0490 
   6  C151       15.2050       -0.9910       16.9270 
   6  C152       19.3360        4.0330       21.6580 
   6  C153       19.3080        2.6370       21.6050 
   6  C154       16.5520       -0.5330       16.4260 
   6  C155       17.7220        5.3350       26.0050 
   6  C156       17.1950        6.3480       25.2000 
   6  C157       10.4580       -1.6310       19.0570 
   6  C158       20.5040        0.4370       21.6180 
   8     O       15.9740        2.1740       14.0580 
   8    O1        8.4420        6.7780       16.2990 
   8    O2       13.1760        3.3420        9.9720 
   8    O3       11.4300        4.5140       20.7940 
   8    O4       18.1260        0.7110       18.4760 
   8    O5       14.1130        4.6680       24.9320 
   8    O6       21.3760       -0.1590       22.2390 
   6   C01        5.3510        5.3640       11.4000 
   8   O01        5.7370        5.7030       12.4850 
   8   O03        4.9920        6.1960       10.5780 
   1   H01       17.5040        4.7390       28.0030 
   1     H       10.2120        8.5730       17.2340 
   1    H1        5.4070       -4.0430        9.9000 
   1    H2        3.4870       -2.9430       11.0230 
   1    H3       13.1270        4.2640       12.6280 
   1    H4       15.9980       11.2370       11.9330 
   1    H5       12.9050        6.6910       12.8240 
   1    H6       17.2380        4.5190       13.9220 
   1    H7       17.0130        6.9700       14.1140 
   1    H8       12.2720        1.3770        8.8460 
   1    H9       10.2560       -1.4470       12.1220 
   1   H10        9.6550        0.5500        6.6350 
   1   H11        7.8700        4.5080       17.1970 
   1   H12       13.3990        5.7470       17.7950 
   1   H13       14.1730        2.6750       11.4500 
   1   H14       14.4700        0.3560       11.1510 
   1   H15       16.0820        8.7820       11.8680 
   1   H16        6.1900        0.5970       15.8520 
   1   H17       14.7170       12.3840       13.7220 
   1   H18       13.2030        1.7690       14.4410 
   1   H19       14.7410        6.9460       16.1320 
   1   H20        8.8430        4.6530       12.9970 
   1   H21        7.4620       -3.4080       15.1130 
   1   H22       15.1330        0.1820       12.7910 
   1   H23        5.7620       -1.8080       15.9550 
   1   H24       13.5160       11.0840       15.4100 
   1   H25        8.7910        2.2160       12.8960 
   1   H26        9.5560       -2.5860       14.1700 
   1   H27        7.3360       -2.7090        9.1590 
   1   H28        7.8740        2.0580       17.1080 
   1   H29        3.4950       -0.5060       11.3770 
   1   H30       10.9910        1.3550       15.3070 
   1   H31       12.4640       -0.9750       11.1990 
   1   H32       10.8830        3.8120        7.8060 
   1   H33       14.4530        5.5490        9.6780 
   1   H34       10.2260        5.6430        8.7940 
   1   H35       10.3000        8.0870        8.7000 
   1   H36       14.5070        8.0040        9.6410 
   1   H37       11.2550       12.5790       10.6000 
   1   H38       12.8050       13.6160        8.9950 
   1   H39       14.1480       12.1960        7.4670 
   1   H40       13.9360        9.7480        7.5500 
   1   H41       12.2440        8.8780       12.0790 
   1   H42       10.6850        7.9090       13.7100 
   1   H43        7.4380       10.0770       11.8960 
   1   H44        8.9860       10.9800       10.2160 
   1   H45        8.2960        8.8200       14.9620 
   1   H46        6.9820        8.6650       13.7880 
   1   H47        7.5990        6.4610       13.2670 
   1   H48        5.1560        4.2380        9.0270 
   1   H49        5.5690        3.5290       13.2640 
   1   H50        5.5870        1.0970       12.8520 
   1   H51        8.2620        0.5800       11.3880 
   1   H52        5.1660        1.8090        8.6200 
   1   H53        7.5710       -0.5660        7.3010 
   1   H54       11.6990        1.6620        7.2030 
   1   H55       10.3270        1.7360       10.7240 
   1   H56       11.5260        9.7290       15.5380 
   1   H57       11.2820        6.6800       19.6910 
   1   H58        9.8420        6.6710       18.6680 
   1   H59       10.5100        4.5550       17.7410 
   1   H60       22.6580        2.0470       21.6580 
   1   H61       18.3470        2.1280       21.6130 
   1   H62       18.3880        4.5590       21.6970 
   1   H63       22.7010        4.5130       21.7150 
   1   H64       21.6640        6.2880       19.8280 
   1   H65       19.6630        9.0580       23.3990 
   1   H66       20.7670       10.1270       21.4860 
   1   H67       21.7670        8.7370       19.6900 
   1   H68       20.8150        5.1310       24.5720 
   1   H69       17.4870        7.6710       23.5450 
   1   H70       19.4870        4.1390       26.3730 
   1   H71       16.1790        6.7070       25.3500 
   1   H72       16.7810        3.5920       26.7850 
   1   H73       19.9760       -2.0860       21.6750 
   1   H74       19.3080       -2.0060       20.0390 
   1   H75       18.2440       -0.8220       23.4930 
   1   H76       17.1280       -2.9250       19.9030 
   1   H77       16.0080       -1.2200       24.4300 
   1   H78       14.9050       -3.3270       20.8330 
   1   H79       14.2080       -4.7120       22.9910 
   1   H80       11.0100       -1.2620       24.4910 
   1   H81       11.9920       -5.3670       23.8110 
   1   H82       10.3810       -3.6330       24.5600 
   1   H83       13.6140        0.0910       21.5930 
   1   H84       13.0300        0.0440       25.8640 
   1   H85       13.2970        2.4870       25.9240 
   1   H86       13.9020        2.5210       21.6540 
   1   H87       13.8220        6.7430       23.6640 
   1   H88       12.4780        6.7160       22.5120 
   1   H89       16.0590        5.5110       22.3140 
   1   H90       13.0730        8.1380       20.6700 
   1   H91       17.6580        6.2850       20.6150 
   1   H92       14.6460        8.8400       18.9330 
   1   H93       16.9290       10.1250       19.0970 
   1   H94       19.4800        7.0560       16.1790 
   1   H95       18.5220       11.0230       17.4620 
   1   H96       19.8080        9.4830       16.0010 
   1   H97       15.7380        5.6470       17.4650 
   1   H98       19.9640        5.2890       18.1600 
   1   H99       19.7570        2.8350       18.0950 
   1  H100       15.5280        3.2130       17.3580 
   1  H101       17.3410       -1.1070       16.9260 
   1  H102       16.6460       -0.7170       15.3500 
   1  H103       14.4560       -1.5860       14.9850 
   1  H104       15.6150       -0.5090       18.9940 
   1  H105       12.3010       -2.4000       15.8280 
   1  H106       13.4630       -1.3460       19.8330 
   1  H107       11.9130       -4.4830       17.8280 
   1  H108        8.5100       -1.6280       20.0130 
   1  H109        9.8310       -5.4770       18.6840 
   1  H110        8.1310       -4.0450       19.7870 
   1  H111       10.2940       -0.1380       21.3570 
   1  H112       10.9880        0.1900       17.1340 
   1  H113       11.3280        2.6090       17.3530 
   1  H114       10.5430        2.2950       21.5840 
   1  H115       15.1380        4.6490       28.0470 
   1  H116       15.0480        5.1300       26.5060 
   1  H117       12.8280        4.4640       22.0190 
   1  H118       16.4050        1.5000       15.8880 
   1  H119       18.9110        0.3430       20.2710 
   1   H02        6.6860        5.8450       12.4570 

