Run semi-empirical minimization
 &qmmm
    qm_theory='AM1', grms_tol=0.0005,
  scfconv=1.d-10,   qmcharge=0,
 /
   7     N       10.3860        2.5300       10.7310 
   6     C       10.3730        2.6510        9.3030 
   6    C1       11.8150        2.4420        8.7040 
   6    C2       12.8080        3.4560        8.7150 
   6    C3       14.1470        3.2310        8.1730 
   6    C4       12.1820        1.2190        8.1530 
   6    C5       13.5070        1.0150        7.6100 
   6    C6       14.5110        2.0140        7.6180 
   6    C7       15.9720        1.7610        7.1450 
   6    C8       16.6890        0.7550        7.7430 
   6    C9       18.0910        0.5000        7.4350 
   6   C10       18.7710        1.2780        6.5080 
   6   C11       18.0740        2.2680        5.8780 
   6   C12       16.6560        2.5310        6.1870 
   6   C13       15.9560        3.5870        5.4410 
   6   C14       14.5990        3.4150        5.0100 
   6   C15       13.9910        4.3960        4.2730 
   6   C16       16.6740        4.7460        5.0820 
   6   C17       16.0800        5.7340        4.3250 
   6   C18       14.7220        5.5310        3.9200 
   6   C01       14.1280        6.4700        3.1710 
   8   O01       12.9330        6.4770        3.0650 
   8   O03       14.8100        7.3110        2.6010 
   1     H       10.8590        1.7780       10.9430 
   1    H1       10.8120        3.2580       11.0610 
   1    H2       10.0290        3.5490        9.0710 
   1    H3        9.7280        1.9770        8.9630 
   1    H4       12.5790        4.2980        9.0880 
   1    H5       14.8200        3.9270        8.1870 
   1    H6       11.5180        0.5150        8.1490 
   1    H7       13.7330        0.1770        7.2230 
   1    H8       16.2150        0.2250        8.3790 
   1    H9       18.5700       -0.1950        7.8530 
   1   H10       19.7330        1.1290        6.3060 
   1   H11       18.5510        2.7760        5.2280 
   1   H12       14.0940        2.6230        5.2220 
   1   H13       13.0620        4.2820        4.0100 
   1   H14       17.5960        4.8700        5.3580 
   1   H15       16.5850        6.5200        4.0920 
   1   H01       12.5530        7.0190        3.7610 

