Run semi-empirical minimization
 &qmmm
    qm_theory='AM1', grms_tol=0.0005,
  scfconv=1.d-10,   qmcharge=0,
 /
   7     N       14.5400        2.2820       12.1020 
   7    N1       10.6800        7.4680       18.5900 
   6     C       16.7510        5.0700       12.8500 
   6    C1        8.5090        4.2040       16.3410 
   6    C2        8.6440        4.9030       15.1390 
   6    C3        8.7530        4.1960       13.9390 
   6    C4        8.6680        2.8000       13.9420 
   6    C5        8.4710        2.0800       15.1310 
   6    C6        8.4170        2.8080       16.3330 
   6    C7        8.2400        0.6170       15.1220 
   6    C8        9.1340       -0.3360       14.5660 
   6    C9        8.7640       -1.7010       14.5960 
   6   C10        7.5540       -2.1300       15.1410 
   6   C11        6.6800       -1.2010       15.6810 
   6   C12        7.0210        0.1510       15.6730 
   6   C13       10.4410        0.0040       13.9600 
   6   C14       11.4320        0.6910       14.6740 
   6   C15       12.6740        0.9690       14.0930 
   6   C16       12.9610        0.5680       12.7810 
   6   C17       11.9820       -0.1240       12.0640 
   6   C18       10.7440       -0.4050       12.6490 
   6   C19       14.3070        0.8610       12.1650 
   6   C20       15.5380        4.3790       12.7970 
   6   C21       14.3360        5.0900       12.8120 
   6   C22       14.3530        6.4860       12.8570 
   6   C23       15.5610        7.2020       12.8910 
   6   C24       16.7600        6.4690       12.8870 
   6   C25       15.5800        8.6820       12.9230 
   6   C26       14.9660        9.4580       13.9440 
   6   C27       15.0270       10.8660       13.8460 
   6   C28       15.6580       11.5040       12.7780 
   6   C29       16.2570       10.7470       11.7820 
   6   C30       16.2240        9.3550       11.8590 
   6   C31       14.2420        8.8680       15.0940 
   6   C32       14.8290        7.9130       15.9350 
   6   C33       14.0980        7.3090       16.9650 
   6   C34       12.7610        7.6590       17.2050 
   6   C35       12.1860        8.6460       16.3980 
   6   C36       12.9160        9.2420       15.3650 
   6   C37       15.5510        2.8950       12.8010 
   6   C38       11.9990        6.9210       18.2820 
   8     O       16.4290        2.2940       13.4100 
   6   C39        8.6690        6.2430       15.1370 
   8    O1        9.7610        6.7390       15.1330 
   8    O2        7.6660        6.9430       15.1400 
   1     H        8.4510        4.7440       17.2830 
   1    H1        8.9020        4.7160       12.9970 
   1    H2        8.7350        2.2760       12.9950 
   1    H3        8.2870        2.2870       17.2800 
   1    H4        9.4410       -2.4530       14.1920 
   1    H5        7.3020       -3.1870       15.1430 
   1    H6        5.7340       -1.5220       16.1060 
   1    H7        6.3100        0.8630       16.0910 
   1    H8       11.2500        1.0080       15.6990 
   1    H9       13.4260        1.5010       14.6750 
   1   H10       12.1720       -0.4530       11.0450 
   1   H11       10.0050       -0.9490       12.0640 
   1   H12       15.0890        0.3520       12.7390 
   1   H13       14.3550        0.4880       11.1360 
   1   H14       13.9450        2.8220       11.4710 
   1   H15       17.6910        4.5210       12.8690 
   1   H16       13.3790        4.5740       12.8150 
   1   H17       13.4030        7.0120       12.8800 
   1   H18       17.7170        6.9870       12.9350 
   1   H19       14.5710       11.4820       14.6200 
   1   H20       15.6780       12.5890       12.7280 
   1   H21       16.7440       11.2360       10.9430 
   1   H22       16.6930        8.7820       11.0610 
   1   H23       15.8620        7.6090       15.7810 
   1   H24       14.5790        6.5460       17.5730 
   1   H25       11.1540        8.9540       16.5470 
   1   H26       12.4190        9.9890       14.7490 
   1   H27       11.8790        5.8770       17.9680 
   1   H28       12.5920        6.9310       19.2030 
   1   H29       10.1000        7.3730       17.7420 
   1   H30       10.2290        6.8680       19.2760 
   1   H31       10.0500        6.8700       14.2270 

