Run semi-empirical minimization
 &qmmm
    qm_theory='AM1', grms_tol=0.0005,
 scfconv=1.d-10, ndiis_attempts=700,   qmcharge=0,
 /
   7     N        8.1720        7.0380       14.0800 
   7    N1       11.4230        3.3900        8.3960 
   7    N2       14.5400        2.2820       12.1020 
   7    N3       10.6800        7.4680       18.5900 
   6     C        9.5370        1.5400        9.8890 
   6    C1       11.4160        1.9490        8.2550 
   6    C2       10.0870        1.3380        8.6200 
   6    C3        5.3980       -0.2410       10.5500 
   6    C4        4.9480        3.5210       10.2980 
   6    C5        6.5170       -0.7970        9.8690 
   6    C6        8.3750        0.8630       10.2820 
   6    C7        5.3260        2.9320       12.6130 
   6    C8        4.3590       -2.4590       10.6680 
   6    C9        8.2590       -0.1980        8.1430 
   6   C10        7.7060       -0.0200        9.4250 
   6   C11        5.4520       -3.0110       10.0200 
   6   C12        5.0970        3.9040       11.6370 
   6   C13        5.0290        2.1690        9.9430 
   6   C14        9.4310        0.4630        7.7470 
   6   C15        6.5130       -2.1920        9.6290 
   6   C16        4.3350       -1.0910       10.9310 
   6   C17        5.4060        1.5840       12.2520 
   6   C18        5.2780        1.1840       10.9100 
   6   C19        8.1570        8.4810       13.9740 
   6   C20       12.3330        4.0300        9.2120 
   6   C21        9.5650       10.4540       11.0160 
   6   C22        8.6770        9.9420       11.9730 
   6   C23        9.1000        8.9910       12.9090 
   6   C24       10.4400        8.5900       12.8780 
   6   C25       11.3290        9.1210       11.9340 
   6   C26       10.9090       10.0490       10.9730 
   6   C27       13.5110       10.4580        8.1910 
   6   C28       13.6360       11.8470        8.1610 
   6   C29       12.8840       12.6250        9.0290 
   6   C30       12.0050       12.0140        9.9230 
   6   C31       11.8520       10.6100        9.9760 
   6   C32       12.6300        9.8140        9.0880 
   6   C33       13.6800        7.5540        9.3610 
   6   C34       12.5590        8.3380        9.0520 
   6   C35       11.3650        7.6790        8.7330 
   6   C36       11.2660        6.2830        8.7840 
   6   C37       12.3860        5.5160        9.1150 
   6   C38       13.5970        6.1580        9.3910 
   6   C39       16.7510        5.0700       12.8500 
   6   C40        8.5090        4.2040       16.3410 
   6   C41        8.6440        4.9030       15.1390 
   6   C42        8.7530        4.1960       13.9390 
   6   C43        8.6680        2.8000       13.9420 
   6   C44        8.4710        2.0800       15.1310 
   6   C45        8.4170        2.8080       16.3330 
   6   C46        8.2400        0.6170       15.1220 
   6   C47        9.1340       -0.3360       14.5660 
   6   C48        8.7640       -1.7010       14.5960 
   6   C49        7.5540       -2.1300       15.1410 
   6   C50        6.6800       -1.2010       15.6810 
   6   C51        7.0210        0.1510       15.6730 
   6   C52       10.4410        0.0040       13.9600 
   6   C53       11.4320        0.6910       14.6740 
   6   C54       12.6740        0.9690       14.0930 
   6   C55       12.9610        0.5680       12.7810 
   6   C56       11.9820       -0.1240       12.0640 
   6   C57       10.7440       -0.4050       12.6490 
   6   C58        8.6980        6.3890       15.1740 
   6   C59       14.3070        0.8610       12.1650 
   6   C60       15.5380        4.3790       12.7970 
   6   C61       14.3360        5.0900       12.8120 
   6   C62       14.3530        6.4860       12.8570 
   6   C63       15.5610        7.2020       12.8910 
   6   C64       16.7600        6.4690       12.8870 
   6   C65       15.5800        8.6820       12.9230 
   6   C66       14.9660        9.4580       13.9440 
   6   C67       15.0270       10.8660       13.8460 
   6   C68       15.6580       11.5040       12.7780 
   6   C69       16.2570       10.7470       11.7820 
   6   C70       16.2240        9.3550       11.8590 
   6   C71       14.2420        8.8680       15.0940 
   6   C72       14.8290        7.9130       15.9350 
   6   C73       14.0980        7.3090       16.9650 
   6   C74       12.7610        7.6590       17.2050 
   6   C75       12.1860        8.6460       16.3980 
   6   C76       12.9160        9.2420       15.3650 
   6   C77       15.5510        2.8950       12.8010 
   6   C78       11.9990        6.9210       18.2820 
   8     O       13.0980        3.4410        9.9690 
   8    O1        9.1720        6.9560       16.1520 
   8    O2       16.4290        2.2940       13.4100 
   6   C01        5.0200        5.1970       11.9800 
   8   O01        3.9290        5.5830       12.2980 
   8   O03        5.9760        5.9610       11.9800 
   1     H        9.8370        0.2610        6.7570 
   1    H1        3.4700       -0.6760       11.4480 
   1    H2        5.4880       -4.0790        9.8230 
   1    H3        3.5280       -3.0880       10.9770 
   1    H4        7.3660       -2.6650        9.1450 
   1    H5       12.2020        1.4860        8.8620 
   1    H6       10.0420        2.1850       10.6070 
   1    H7       11.6540        1.7470        7.2050 
   1    H8        7.7870       -0.8790        7.4360 
   1    H9        4.9040        1.8850        8.9000 
   1   H10        8.0250        0.9950       11.3020 
   1   H11        5.6000        0.8410       13.0230 
   1   H12        5.4620        3.2180       13.6540 
   1   H13        4.8070        4.2580        9.5120 
   1   H14        7.5230        6.5210       13.4870 
   1   H15        7.1250        8.7600       13.7340 
   1   H16        8.4130        8.9470       14.9310 
   1   H17        9.1930       11.1790       10.2970 
   1   H18        7.6470       10.2920       11.9710 
   1   H19       10.8120        7.8750       13.6100 
   1   H20       12.3710        8.8140       11.9640 
   1   H21       14.1060        9.8660        7.4990 
   1   H22       14.3240       12.3160        7.4620 
   1   H23       12.9830       13.7070        9.0190 
   1   H24       11.4410       12.6450       10.6090 
   1   H25       14.6250        8.0290        9.6130 
   1   H26       10.4920        8.2700        8.4700 
   1   H27       10.2990        5.8230        8.6070 
   1   H28       14.4800        5.5780        9.6550 
   1   H29       10.9080        3.9220        7.7130 
   1   H30        8.4510        4.7440       17.2830 
   1   H31        8.9020        4.7160       12.9970 
   1   H32        8.7350        2.2760       12.9950 
   1   H33        8.2870        2.2870       17.2800 
   1   H34        9.4410       -2.4530       14.1920 
   1   H35        7.3020       -3.1870       15.1430 
   1   H36        5.7340       -1.5220       16.1060 
   1   H37        6.3100        0.8630       16.0910 
   1   H38       11.2500        1.0080       15.6990 
   1   H39       13.4260        1.5010       14.6750 
   1   H40       12.1720       -0.4530       11.0450 
   1   H41       10.0050       -0.9490       12.0640 
   1   H42       15.0890        0.3520       12.7390 
   1   H43       14.3550        0.4880       11.1360 
   1   H44       13.9450        2.8220       11.4710 
   1   H45       17.6910        4.5210       12.8690 
   1   H46       13.3790        4.5740       12.8150 
   1   H47       13.4030        7.0120       12.8800 
   1   H48       17.7170        6.9870       12.9350 
   1   H49       14.5710       11.4820       14.6200 
   1   H50       15.6780       12.5890       12.7280 
   1   H51       16.7440       11.2360       10.9430 
   1   H52       16.6930        8.7820       11.0610 
   1   H53       15.8620        7.6090       15.7810 
   1   H54       14.5790        6.5460       17.5730 
   1   H55       11.1540        8.9540       16.5470 
   1   H56       12.4190        9.9890       14.7490 
   1   H57       11.8790        5.8770       17.9680 
   1   H58       12.5920        6.9310       19.2030 
   1   H59       10.1000        7.3730       17.7420 
   1   H60       10.2290        6.8680       19.2760 
   1   H03        3.8120        5.4680       13.2440 

