Run semi-empirical minimization
 &qmmm
    qm_theory='AM1', grms_tol=0.0005,
 scfconv=1.d-10, ndiis_attempts=700,   qmcharge=0,
 /
   7     N        0.0000        0.0000        0.0000 
   7    N1        0.0000        0.0000        0.0000 
   7    N2        0.0000        0.0000        0.0000 
   7    N3        0.0000        0.0000        0.0000 
   7    N4        0.0000        0.0000        0.0000 
   7    N5        0.0000        0.0000        0.0000 
   7    N6        0.0000        0.0000        0.0000 
   7    N7        0.0000        0.0000        0.0000 
   6     C        0.0000        0.0000        0.0000 
   6    C1        0.0000        0.0000        0.0000 
   6    C2        0.0000        0.0000        0.0000 
   6    C3        0.0000        0.0000        0.0000 
   6    C4        0.0000        0.0000        0.0000 
   6    C5        0.0000        0.0000        0.0000 
   6    C6        0.0000        0.0000        0.0000 
   6    C7        0.0000        0.0000        0.0000 
   6    C8        0.0000        0.0000        0.0000 
   6    C9        0.0000        0.0000        0.0000 
   6   C10        0.0000        0.0000        0.0000 
   6   C11        0.0000        0.0000        0.0000 
   6   C12        0.0000        0.0000        0.0000 
   6   C13        0.0000        0.0000        0.0000 
   6   C14        0.0000        0.0000        0.0000 
   6   C15        0.0000        0.0000        0.0000 
   6   C16        0.0000        0.0000        0.0000 
   6   C17        0.0000        0.0000        0.0000 
   6   C18        0.0000        0.0000        0.0000 
   6   C19        0.0000        0.0000        0.0000 
   6   C20        0.0000        0.0000        0.0000 
   6   C21        0.0000        0.0000        0.0000 
   6   C22        0.0000        0.0000        0.0000 
   6   C23        0.0000        0.0000        0.0000 
   6   C24        0.0000        0.0000        0.0000 
   6   C25        0.0000        0.0000        0.0000 
   6   C26        0.0000        0.0000        0.0000 
   6   C27        0.0000        0.0000        0.0000 
   6   C28        0.0000        0.0000        0.0000 
   6   C29        0.0000        0.0000        0.0000 
   6   C30        0.0000        0.0000        0.0000 
   6   C31        0.0000        0.0000        0.0000 
   6   C32        0.0000        0.0000        0.0000 
   6   C33        0.0000        0.0000        0.0000 
   6   C34        0.0000        0.0000        0.0000 
   6   C35        0.0000        0.0000        0.0000 
   6   C36        0.0000        0.0000        0.0000 
   6   C37        0.0000        0.0000        0.0000 
   6   C38        0.0000        0.0000        0.0000 
   6   C39        0.0000        0.0000        0.0000 
   6   C40        0.0000        0.0000        0.0000 
   6   C41        0.0000        0.0000        0.0000 
   6   C42        0.0000        0.0000        0.0000 
   6   C43        0.0000        0.0000        0.0000 
   6   C44        0.0000        0.0000        0.0000 
   6   C45        0.0000        0.0000        0.0000 
   6   C46        0.0000        0.0000        0.0000 
   6   C47        0.0000        0.0000        0.0000 
   6   C48        0.0000        0.0000        0.0000 
   6   C49        0.0000        0.0000        0.0000 
   6   C50        0.0000        0.0000        0.0000 
   6   C51        0.0000        0.0000        0.0000 
   6   C52        0.0000        0.0000        0.0000 
   6   C53        0.0000        0.0000        0.0000 
   6   C54        0.0000        0.0000        0.0000 
   6   C55        0.0000        0.0000        0.0000 
   6   C56        0.0000        0.0000        0.0000 
   6   C57        0.0000        0.0000        0.0000 
   6   C58        0.0000        0.0000        0.0000 
   6   C59        0.0000        0.0000        0.0000 
   6   C60        0.0000        0.0000        0.0000 
   6   C61        0.0000        0.0000        0.0000 
   6   C62        0.0000        0.0000        0.0000 
   6   C63        0.0000        0.0000        0.0000 
   6   C64        0.0000        0.0000        0.0000 
   6   C65        0.0000        0.0000        0.0000 
   6   C66        0.0000        0.0000        0.0000 
   6   C67        0.0000        0.0000        0.0000 
   6   C68        0.0000        0.0000        0.0000 
   6   C69        0.0000        0.0000        0.0000 
   6   C70        0.0000        0.0000        0.0000 
   6   C71        0.0000        0.0000        0.0000 
   6   C72        0.0000        0.0000        0.0000 
   6   C73        0.0000        0.0000        0.0000 
   6   C74        0.0000        0.0000        0.0000 
   6   C75        0.0000        0.0000        0.0000 
   6   C76        0.0000        0.0000        0.0000 
   6   C77        0.0000        0.0000        0.0000 
   6   C78        0.0000        0.0000        0.0000 
   6   C79        0.0000        0.0000        0.0000 
   6   C80        0.0000        0.0000        0.0000 
   6   C81        0.0000        0.0000        0.0000 
   6   C82        0.0000        0.0000        0.0000 
   6   C83        0.0000        0.0000        0.0000 
   6   C84        0.0000        0.0000        0.0000 
   6   C85        0.0000        0.0000        0.0000 
   6   C86        0.0000        0.0000        0.0000 
   6   C87        0.0000        0.0000        0.0000 
   6   C88        0.0000        0.0000        0.0000 
   6   C89        0.0000        0.0000        0.0000 
   6   C90        0.0000        0.0000        0.0000 
   6   C91        0.0000        0.0000        0.0000 
   6   C92        0.0000        0.0000        0.0000 
   6   C93        0.0000        0.0000        0.0000 
   6   C94        0.0000        0.0000        0.0000 
   6   C95        0.0000        0.0000        0.0000 
   6   C96        0.0000        0.0000        0.0000 
   6   C97        0.0000        0.0000        0.0000 
   6   C98        0.0000        0.0000        0.0000 
   6   C99        0.0000        0.0000        0.0000 
   6  C100        0.0000        0.0000        0.0000 
   6  C101        0.0000        0.0000        0.0000 
   6  C102        0.0000        0.0000        0.0000 
   6  C103        0.0000        0.0000        0.0000 
   6  C104        0.0000        0.0000        0.0000 
   6  C105        0.0000        0.0000        0.0000 
   6  C106        0.0000        0.0000        0.0000 
   6  C107        0.0000        0.0000        0.0000 
   6  C108        0.0000        0.0000        0.0000 
   6  C109        0.0000        0.0000        0.0000 
   6  C110        0.0000        0.0000        0.0000 
   6  C111        0.0000        0.0000        0.0000 
   6  C112        0.0000        0.0000        0.0000 
   6  C113        0.0000        0.0000        0.0000 
   6  C114        0.0000        0.0000        0.0000 
   6  C115        0.0000        0.0000        0.0000 
   6  C116        0.0000        0.0000        0.0000 
   6  C117        0.0000        0.0000        0.0000 
   6  C118        0.0000        0.0000        0.0000 
   6  C119        0.0000        0.0000        0.0000 
   6  C120        0.0000        0.0000        0.0000 
   6  C121        0.0000        0.0000        0.0000 
   6  C122        0.0000        0.0000        0.0000 
   6  C123        0.0000        0.0000        0.0000 
   6  C124        0.0000        0.0000        0.0000 
   6  C125        0.0000        0.0000        0.0000 
   6  C126        0.0000        0.0000        0.0000 
   6  C127        0.0000        0.0000        0.0000 
   6  C128        0.0000        0.0000        0.0000 
   6  C129        0.0000        0.0000        0.0000 
   6  C130        0.0000        0.0000        0.0000 
   6  C131        0.0000        0.0000        0.0000 
   6  C132        0.0000        0.0000        0.0000 
   6  C133        0.0000        0.0000        0.0000 
   6  C134        0.0000        0.0000        0.0000 
   6  C135        0.0000        0.0000        0.0000 
   6  C136        0.0000        0.0000        0.0000 
   6  C137        0.0000        0.0000        0.0000 
   6  C138        0.0000        0.0000        0.0000 
   6  C139        0.0000        0.0000        0.0000 
   6  C140        0.0000        0.0000        0.0000 
   6  C141        0.0000        0.0000        0.0000 
   6  C142        0.0000        0.0000        0.0000 
   6  C143        0.0000        0.0000        0.0000 
   6  C144        0.0000        0.0000        0.0000 
   6  C145        0.0000        0.0000        0.0000 
   6  C146        0.0000        0.0000        0.0000 
   6  C147        0.0000        0.0000        0.0000 
   6  C148        0.0000        0.0000        0.0000 
   6  C149        0.0000        0.0000        0.0000 
   6  C150        0.0000        0.0000        0.0000 
   6  C151        0.0000        0.0000        0.0000 
   6  C152        0.0000        0.0000        0.0000 
   6  C153        0.0000        0.0000        0.0000 
   6  C154        0.0000        0.0000        0.0000 
   6  C155        0.0000        0.0000        0.0000 
   6  C156        0.0000        0.0000        0.0000 
   6  C157        0.0000        0.0000        0.0000 
   6  C158        0.0000        0.0000        0.0000 
   8     O        0.0000        0.0000        0.0000 
   8    O1        0.0000        0.0000        0.0000 
   8    O2        0.0000        0.0000        0.0000 
   8    O3        0.0000        0.0000        0.0000 
   8    O4        0.0000        0.0000        0.0000 
   8    O5        0.0000        0.0000        0.0000 
   8    O6        0.0000        0.0000        0.0000 
   6  C159        0.0000        0.0000        0.0000 
   8    O7        0.0000        0.0000        0.0000 
   8    O8        0.0000        0.0000        0.0000 
   1     H        0.0000        0.0000        0.0000 
   1    H1        0.0000        0.0000        0.0000 
   1    H2        0.0000        0.0000        0.0000 
   1    H3        0.0000        0.0000        0.0000 
   1    H4        0.0000        0.0000        0.0000 
   1    H5        0.0000        0.0000        0.0000 
   1    H6        0.0000        0.0000        0.0000 
   1    H7        0.0000        0.0000        0.0000 
   1    H8        0.0000        0.0000        0.0000 
   1    H9        0.0000        0.0000        0.0000 
   1   H10        0.0000        0.0000        0.0000 
   1   H11        0.0000        0.0000        0.0000 
   1   H12        0.0000        0.0000        0.0000 
   1   H13        0.0000        0.0000        0.0000 
   1   H14        0.0000        0.0000        0.0000 
   1   H15        0.0000        0.0000        0.0000 
   1   H16        0.0000        0.0000        0.0000 
   1   H17        0.0000        0.0000        0.0000 
   1   H18        0.0000        0.0000        0.0000 
   1   H19        0.0000        0.0000        0.0000 
   1   H20        0.0000        0.0000        0.0000 
   1   H21        0.0000        0.0000        0.0000 
   1   H22        0.0000        0.0000        0.0000 
   1   H23        0.0000        0.0000        0.0000 
   1   H24        0.0000        0.0000        0.0000 
   1   H25        0.0000        0.0000        0.0000 
   1   H26        0.0000        0.0000        0.0000 
   1   H27        0.0000        0.0000        0.0000 
   1   H28        0.0000        0.0000        0.0000 
   1   H29        0.0000        0.0000        0.0000 
   1   H30        0.0000        0.0000        0.0000 
   1   H31        0.0000        0.0000        0.0000 
   1   H32        0.0000        0.0000        0.0000 
   1   H33        0.0000        0.0000        0.0000 
   1   H34        0.0000        0.0000        0.0000 
   1   H35        0.0000        0.0000        0.0000 
   1   H36        0.0000        0.0000        0.0000 
   1   H37        0.0000        0.0000        0.0000 
   1   H38        0.0000        0.0000        0.0000 
   1   H39        0.0000        0.0000        0.0000 
   1   H40        0.0000        0.0000        0.0000 
   1   H41        0.0000        0.0000        0.0000 
   1   H42        0.0000        0.0000        0.0000 
   1   H43        0.0000        0.0000        0.0000 
   1   H44        0.0000        0.0000        0.0000 
   1   H45        0.0000        0.0000        0.0000 
   1   H46        0.0000        0.0000        0.0000 
   1   H47        0.0000        0.0000        0.0000 
   1   H48        0.0000        0.0000        0.0000 
   1   H49        0.0000        0.0000        0.0000 
   1   H50        0.0000        0.0000        0.0000 
   1   H51        0.0000        0.0000        0.0000 
   1   H52        0.0000        0.0000        0.0000 
   1   H53        0.0000        0.0000        0.0000 
   1   H54        0.0000        0.0000        0.0000 
   1   H55        0.0000        0.0000        0.0000 
   1   H56        0.0000        0.0000        0.0000 
   1   H57        0.0000        0.0000        0.0000 
   1   H58        0.0000        0.0000        0.0000 
   1   H59        0.0000        0.0000        0.0000 
   1   H60        0.0000        0.0000        0.0000 
   1   H61        0.0000        0.0000        0.0000 
   1   H62        0.0000        0.0000        0.0000 
   1   H63        0.0000        0.0000        0.0000 
   1   H64        0.0000        0.0000        0.0000 
   1   H65        0.0000        0.0000        0.0000 
   1   H66        0.0000        0.0000        0.0000 
   1   H67        0.0000        0.0000        0.0000 
   1   H68        0.0000        0.0000        0.0000 
   1   H69        0.0000        0.0000        0.0000 
   1   H70        0.0000        0.0000        0.0000 
   1   H71        0.0000        0.0000        0.0000 
   1   H72        0.0000        0.0000        0.0000 
   1   H73        0.0000        0.0000        0.0000 
   1   H74        0.0000        0.0000        0.0000 
   1   H75        0.0000        0.0000        0.0000 
   1   H76        0.0000        0.0000        0.0000 
   1   H77        0.0000        0.0000        0.0000 
   1   H78        0.0000        0.0000        0.0000 
   1   H79        0.0000        0.0000        0.0000 
   1   H80        0.0000        0.0000        0.0000 
   1   H81        0.0000        0.0000        0.0000 
   1   H82        0.0000        0.0000        0.0000 
   1   H83        0.0000        0.0000        0.0000 
   1   H84        0.0000        0.0000        0.0000 
   1   H85        0.0000        0.0000        0.0000 
   1   H86        0.0000        0.0000        0.0000 
   1   H87        0.0000        0.0000        0.0000 
   1   H88        0.0000        0.0000        0.0000 
   1   H89        0.0000        0.0000        0.0000 
   1   H90        0.0000        0.0000        0.0000 
   1   H91        0.0000        0.0000        0.0000 
   1   H92        0.0000        0.0000        0.0000 
   1   H93        0.0000        0.0000        0.0000 
   1   H94        0.0000        0.0000        0.0000 
   1   H95        0.0000        0.0000        0.0000 
   1   H96        0.0000        0.0000        0.0000 
   1   H97        0.0000        0.0000        0.0000 
   1   H98        0.0000        0.0000        0.0000 
   1   H99        0.0000        0.0000        0.0000 
   1  H100        0.0000        0.0000        0.0000 
   1  H101        0.0000        0.0000        0.0000 
   1  H102        0.0000        0.0000        0.0000 
   1  H103        0.0000        0.0000        0.0000 
   1  H104        0.0000        0.0000        0.0000 
   1  H105        0.0000        0.0000        0.0000 
   1  H106        0.0000        0.0000        0.0000 
   1  H107        0.0000        0.0000        0.0000 
   1  H108        0.0000        0.0000        0.0000 
   1  H109        0.0000        0.0000        0.0000 
   1  H110        0.0000        0.0000        0.0000 
   1  H111        0.0000        0.0000        0.0000 
   1  H112        0.0000        0.0000        0.0000 
   1  H113        0.0000        0.0000        0.0000 
   1  H114        0.0000        0.0000        0.0000 
   1  H115        0.0000        0.0000        0.0000 
   1  H116        0.0000        0.0000        0.0000 
   1  H117        0.0000        0.0000        0.0000 
   1  H118        0.0000        0.0000        0.0000 
   1  H119        0.0000        0.0000        0.0000 
   1  H120        0.0000        0.0000        0.0000 
   1  H121        0.0000        0.0000        0.0000 

