Run semi-empirical minimization
 &qmmm
    qm_theory='AM1', grms_tol=0.0005,
 scfconv=1.d-10, ndiis_attempts=700,   qmcharge=0,
 /
   7     N       14.5400        2.2820       12.1020 
   6     C        8.5090        4.2040       16.3410 
   6    C1        8.6440        4.9030       15.1390 
   6    C2        8.7530        4.1960       13.9390 
   6    C3        8.6680        2.8000       13.9420 
   6    C4        8.4710        2.0800       15.1310 
   6    C5        8.4170        2.8080       16.3330 
   6    C6        8.2400        0.6170       15.1220 
   6    C7        9.1340       -0.3360       14.5660 
   6    C8        8.7640       -1.7010       14.5960 
   6    C9        7.5540       -2.1300       15.1410 
   6   C10        6.6800       -1.2010       15.6810 
   6   C11        7.0210        0.1510       15.6730 
   6   C12       10.4410        0.0040       13.9600 
   6   C13       11.4320        0.6910       14.6740 
   6   C14       12.6740        0.9690       14.0930 
   6   C15       12.9610        0.5680       12.7810 
   6   C16       11.9820       -0.1240       12.0640 
   6   C17       10.7440       -0.4050       12.6490 
   6   C18       14.3070        0.8610       12.1650 
   6   C01        8.6690        6.2430       15.1370 
   8   O01        9.7610        6.7390       15.1330 
   8   O03        7.6660        6.9430       15.1400 
   1   H01       14.4140        2.6540       13.0330 
   1   H03       14.3260        0.4850       11.1420 
   1     H        8.4510        4.7440       17.2830 
   1    H1        8.9020        4.7160       12.9970 
   1    H2        8.7350        2.2760       12.9950 
   1    H3        8.2870        2.2870       17.2800 
   1    H4        9.4410       -2.4530       14.1920 
   1    H5        7.3020       -3.1870       15.1430 
   1    H6        5.7340       -1.5220       16.1060 
   1    H7        6.3100        0.8630       16.0910 
   1    H8       11.2500        1.0080       15.6990 
   1    H9       13.4260        1.5010       14.6750 
   1   H10       12.1720       -0.4530       11.0450 
   1   H11       10.0050       -0.9490       12.0640 
   1   H12       15.0890        0.3520       12.7390 
   1   H13       13.9450        2.8220       11.4710 
   1   H02       10.0500        6.8700       14.2270 

